Bitdepth 4
  Width 600
  Height 600
  RCT 0
  Spline
-7 0 0 0 0 0 0 0 0 0 0 0 0 0 0 0 0 0 0 0 0 0 0 0 0 0 0 0 0 0 0 0
-7 0 0 0 0 0 0 0 0 0 0 0 0 0 0 0 0 0 0 0 0 0 0 0 0 0 0 0 0 0 0 0
-7 0 0 0 0 0 0 0 0 0 0 0 0 0 0 0 0 0 0 0 0 0 0 0 0 0 0 0 0 0 0 0
0.4 0 0 0 0 0 0 0 0 0 0 0 0 0 0 0 0 0 0 0 0 0 0 0 0 0 0 0 0 0 0 0
186 503
225 456
250 423
277 382
307 329
319 299
329 269
334 238
333 206
328 191
319 178
303 169
291 171
278 179
263 207
259 239
262 271
269 302
280 333
292 362
323 418
356 466
390 511
EndSpline
- Set 15